world: world_the_end
x: 4.44721264675292
y: 64.0625
z: 15.702384040853374
yaw: 359.55246
pitch: 1.6503445
name: End
