world: world_nether
x: -251.18037462368676
y: 36.0
z: 194.32644441581434
yaw: 224.52368
pitch: -2.1000464
name: Nether
