world: buildsextra
x: -3.5779531304185745
y: 38.0
z: 262.3960367357434
yaw: -177.44106
pitch: 34.6594
name: shop
