lastAccountName: kilik_
timestamps:
  login: 1519904852470
  lastteleport: 1519905070836
  logout: 1519905109043
ipAddress: 79.12.223.98
lastlocation:
  world: world
  x: 399.4962810683855
  y: 67.92159999847412
  z: -337.4973631840979
  yaw: -1.0626111
  pitch: 57.940434
money: '2000'
logoutlocation:
  world: world
  x: 369.9461122708591
  y: 72.0
  z: -655.7930631005661
  yaw: 79.86937
  pitch: -2.776988
