lastAccountName: Poptipper
timestamps:
  login: 1520015438363
  logout: 1520015438589
ipAddress: 77.101.49.139
lastlocation:
  world: world
  x: -220.5
  y: 68.0
  z: 244.5
  yaw: 0.0
  pitch: 0.0
logoutlocation:
  world: world
  x: -3036.300184163614
  y: 84.1035907828405
  z: 3443.487500011921
  yaw: -180.54248
  pitch: 72.890366
