lastAccountName: xHakkeOsSi
timestamps:
  login: 1520084551667
  logout: 1520084613801
ipAddress: 213.66.192.198
lastlocation:
  world: world
  x: -220.5
  y: 68.0
  z: 244.5
  yaw: 0.0
  pitch: 0.0
logoutlocation:
  world: world
  x: 343.5956505551228
  y: 72.0
  z: -667.5371416145505
  yaw: 93.73342
  pitch: 71.70431
