lastAccountName: thatgamerguy45
timestamps:
  login: 1519863178065
  logout: 1519863743992
  lastteleport: 1519863730541
ipAddress: 47.55.130.173
lastlocation:
  world: world
  x: 5350.220396995201
  y: 13.5
  z: 4309.5704551153785
  yaw: -164.57275
  pitch: 45.299988
logoutlocation:
  world: world
  x: -1443.1575711488958
  y: 86.89332231865711
  z: -3466.72415683762
  yaw: 140.68175
  pitch: -3.4500172
