lastAccountName: QuantumBread
timestamps:
  login: 1519598598166
  logout: 1519598609988
ipAddress: 195.48.33.205
lastlocation:
  world: world
  x: -220.5
  y: 68.0
  z: 244.5
  yaw: 0.0
  pitch: 0.0
logoutlocation:
  world: world
  x: 375.4200039604372
  y: 71.0
  z: -668.1130769528123
  yaw: -97.74886
  pitch: 4.717973
