lastAccountName: JustTimothy
timestamps:
  login: 1519842619409
  logout: 1519842624604
ipAddress: 217.103.15.30
lastlocation:
  world: world
  x: -220.5
  y: 68.0
  z: 244.5
  yaw: 0.0
  pitch: 0.0
logoutlocation:
  world: world
  x: -3289.3355740597535
  y: 56.0
  z: 3983.699999988079
  yaw: 35.055138
  pitch: -14.506409
