lastAccountName: TheNewTesco
timestamps:
  login: 1519866599053
  logout: 1519866611360
ipAddress: 2.102.238.120
lastlocation:
  world: world
  x: -220.5
  y: 68.0
  z: 244.5
  yaw: 0.0
  pitch: 0.0
logoutlocation:
  world: world
  x: 96.87852157003475
  y: 65.0
  z: -732.2088424875906
  yaw: 118.63499
  pitch: 1.6157057
