lastAccountName: DzBarca
timestamps:
  login: 1519998446091
  logout: 1520000038930
ipAddress: 41.225.248.216
lastlocation:
  world: world
  x: -220.5
  y: 68.0
  z: 244.5
  yaw: 0.0
  pitch: 0.0
money: '6000'
logoutlocation:
  world: world
  x: 377.95268117995585
  y: 71.0
  z: -673.0639786763137
  yaw: -151.66641
  pitch: 4.654361
