lastAccountName: NoHaxJustEma
timestamps:
  login: 1519765925015
  logout: 1519765959524
ipAddress: 93.147.200.200
lastlocation:
  world: world
  x: -220.5
  y: 68.0
  z: 244.5
  yaw: 0.0
  pitch: 0.0
logoutlocation:
  world: world
  x: 382.1587526712964
  y: 72.0
  z: -676.1974336571591
  yaw: 17.65213
  pitch: 36.945415
