lastAccountName: dsujighfugronk
timestamps:
  login: 1519885569976
  logout: 1519679858062
ipAddress: 66.66.172.48
lastlocation:
  world: world
  x: -220.5
  y: 68.0
  z: 244.5
  yaw: 0.0
  pitch: 0.0
logoutlocation:
  world: world
  x: 368.93201870706037
  y: 71.0
  z: -665.1420229878363
  yaw: 115.79149
  pitch: -0.37878865
money: '2000'
