lastAccountName: MonsterGaming123
timestamps:
  login: 1520045872407
  logout: 1520046392149
ipAddress: 162.232.220.241
lastlocation:
  world: world
  x: -220.5
  y: 68.0
  z: 244.5
  yaw: 0.0
  pitch: 0.0
money: '2000'
logoutlocation:
  world: world
  x: -3951.0895519256646
  y: 64.0
  z: -3484.435363579268
  yaw: 81.95058
  pitch: 49.67778
