lastAccountName: DunkelheitFeuer
timestamps:
  login: 1519985925688
  logout: 1519985989442
ipAddress: 83.102.63.113
lastlocation:
  world: world
  x: -220.5
  y: 68.0
  z: 244.5
  yaw: 0.0
  pitch: 0.0
logoutlocation:
  world: world
  x: 352.43201961785763
  y: 72.0
  z: -668.7853106331719
  yaw: 325.1573
  pitch: 6.919611
