lastAccountName: 001skythekidrs
timestamps:
  login: 1519702943884
  logout: 1519703148600
ipAddress: 67.83.202.172
lastlocation:
  world: world
  x: -220.5
  y: 68.0
  z: 244.5
  yaw: 0.0
  pitch: 0.0
logoutlocation:
  world: world
  x: -3607.652787791947
  y: 69.08777494959195
  z: 86.51249998807907
  yaw: -2.400043
  pitch: 64.05002
