lastAccountName: SecurityCode
timestamps:
  login: 1519966421537
  lastteleport: 1519966468708
  logout: 1519966625153
  kits:
    zombie2: 1519622041718
    dragon2: 1519623218117
    creeper2: 1519623317814
    ki: 1519623206432
    kitwither: 1519623201310
    zombie: 1519622035421
    food: 1519622076046
    dragon: 1519866963425
    enderman: 1519626940295
    skelly: 1519624143284
    creeper: 1519626957193
ipAddress: 86.16.136.71
lastlocation:
  world: world
  x: 5358.276166640208
  y: 200.5
  z: 4325.397231648174
  yaw: 225.0716
  pitch: -13.2275715
money: '1722.0'
logoutlocation:
  world: world
  x: 5354.466628549537
  y: 6.0
  z: 4330.840622614011
  yaw: -73.43014
  pitch: 20.981808
homes:
  shop:
    world: buildsextra
    x: -1.4346641330539354
    y: 36.3717107229739
    z: 250.9594687541897
    yaw: -223.20094
    pitch: 25.9135
  b:
    world: world
    x: 5352.501986778952
    y: 200.0
    z: 4310.997456329863
    yaw: 270.25568
    pitch: -1.0688105
