lastAccountName: leKevbaa
timestamps:
  login: 1519769853649
  logout: 1519769922479
ipAddress: 188.108.14.122
lastlocation:
  world: world
  x: -220.5
  y: 68.0
  z: 244.5
  yaw: 0.0
  pitch: 0.0
logoutlocation:
  world: world
  x: 369.24177703488675
  y: 63.0
  z: -513.0987150126288
  yaw: 76.32959
  pitch: -3.4692566
