lastAccountName: kiwi2124
timestamps:
  login: 1519954581791
  lastteleport: 1519954781325
  logout: 1519954809762
ipAddress: 2.122.127.223
lastlocation:
  world: world
  x: 363.3073327726103
  y: 71.0
  z: -672.0538770627832
  yaw: 121.7832
  pitch: 2.8543594
money: '1000.0'
logoutlocation:
  world: buildsextra
  x: 299.82250576986814
  y: 17.0
  z: 139.3033999444959
  yaw: 158.09993
  pitch: 21.000046
