lastAccountName: DawnUnReload
timestamps:
  login: 1519685964078
  logout: 1519686436613
ipAddress: 5.64.203.118
lastlocation:
  world: world
  x: -220.5
  y: 68.0
  z: 244.5
  yaw: 0.0
  pitch: 0.0
money: '2000'
logoutlocation:
  world: world
  x: 299.126341607791
  y: 73.0
  z: -41.69999998807907
  yaw: -28.263132
  pitch: 76.05482
