lastAccountName: giannaki017
timestamps:
  login: 1519919571691
  logout: 1519919646493
ipAddress: 77.49.109.243
lastlocation:
  world: world
  x: -220.5
  y: 68.0
  z: 244.5
  yaw: 0.0
  pitch: 0.0
logoutlocation:
  world: world
  x: 186.8390317997219
  y: 63.0
  z: -651.5079303589964
  yaw: 68.708206
  pitch: 12.366522
