lastAccountName: WaddaYaTalkinFor
timestamps:
  login: 1519768437742
  logout: 1519768475603
ipAddress: 86.162.172.240
lastlocation:
  world: world
  x: -220.5
  y: 68.0
  z: 244.5
  yaw: 0.0
  pitch: 0.0
logoutlocation:
  world: world
  x: 364.97272337374096
  y: 71.0
  z: -671.2606422864347
  yaw: 46.04824
  pitch: 9.761953
