lastAccountName: PrincessVanesa
timestamps:
  login: 1519899664935
  logout: 1519899673744
ipAddress: 103.217.167.103
lastlocation:
  world: world
  x: -220.5
  y: 68.0
  z: 244.5
  yaw: 0.0
  pitch: 0.0
logoutlocation:
  world: world
  x: -3296.29386859917
  y: 71.0
  z: 3967.898237994989
  yaw: 93.37395
  pitch: 23.28549
