lastAccountName: 0FalseBans
timestamps:
  login: 1520021370702
  logout: 1520021394931
ipAddress: 2.123.9.115
lastlocation:
  world: world
  x: -220.5
  y: 68.0
  z: 244.5
  yaw: 0.0
  pitch: 0.0
logoutlocation:
  world: world
  x: 433.9729415977378
  y: 72.0
  z: -667.3872582176598
  yaw: 91.18344
  pitch: -1.0456529
