lastAccountName: jaba742
timestamps:
  login: 1519597468021
  logout: 1519597541293
ipAddress: 108.81.5.121
lastlocation:
  world: world
  x: -220.5
  y: 68.0
  z: 244.5
  yaw: 0.0
  pitch: 0.0
logoutlocation:
  world: world
  x: 337.55176058069844
  y: 67.0
  z: -676.4386352021687
  yaw: 278.19193
  pitch: 71.310555
