lastAccountName: ImNotDepressed
timestamps:
  login: 1519962802949
  kits:
    member: 1519962976051
  logout: 1519963021187
ipAddress: 24.101.160.195
lastlocation:
  world: world
  x: -220.5
  y: 68.0
  z: 244.5
  yaw: 0.0
  pitch: 0.0
logoutlocation:
  world: world
  x: -590.4233991973587
  y: 70.0
  z: -2410.699999988079
  yaw: -24.527336
  pitch: 43.75319
