lastAccountName: NovusTheta
timestamps:
  login: 1519802621131
  lastteleport: 1519802754729
  logout: 1519802757594
ipAddress: 97.88.204.126
lastlocation:
  world: world
  x: -3307.699999988079
  y: 65.0
  z: 3984.300000011921
  yaw: 319.11597
  pitch: 25.053741
logoutlocation:
  world: world
  x: -3289.5
  y: 60.69084128673265
  z: 3983.5
  yaw: 87.42444
  pitch: 87.05749
