lastAccountName: notyouaccount
timestamps:
  login: 1520048103039
  logout: 1520048106659
  lastteleport: 1520046923918
  kits:
    member: 1519598763409
ipAddress: 162.207.134.94
logoutlocation:
  world: world
  x: -3962.75226304307
  y: 49.0
  z: -3394.699999988079
  yaw: -128.46909
  pitch: 13.466912
lastlocation:
  world: world
  x: -3963.902770207031
  y: 123.23909423768688
  z: -3420.239664935979
  yaw: 47.121128
  pitch: 63.198555
money: '66000.0'
afk: false
