lastAccountName: pelaaja37
timestamps:
  login: 1519597114478
  logout: 1519597211997
ipAddress: 85.76.137.210
lastlocation:
  world: world
  x: -220.5
  y: 68.0
  z: 244.5
  yaw: 0.0
  pitch: 0.0
logoutlocation:
  world: world
  x: 337.07437943478885
  y: 66.0
  z: -702.765119130105
  yaw: 111.55211
  pitch: 25.050032
