lastAccountName: FlexSupreme
timestamps:
  login: 1519616635896
  logout: 1519616726800
ipAddress: 142.68.149.136
lastlocation:
  world: world
  x: -220.5
  y: 68.0
  z: 244.5
  yaw: 0.0
  pitch: 0.0
logoutlocation:
  world: world
  x: 318.30000001192093
  y: 73.0
  z: -672.3167078235219
  yaw: 78.21807
  pitch: 23.270018
