lastAccountName: otavioamcamargo
timestamps:
  login: 1519602074756
  kits:
    food: 1519602108112
  lastteleport: 1519602475774
  logout: 1519602672847
ipAddress: 213.127.224.236
lastlocation:
  world: world
  x: -136.50236886845457
  y: 75.0
  z: -756.2329756941989
  yaw: 165.70314
  pitch: 22.545433
logoutlocation:
  world: world
  x: 829.3000000119209
  y: 53.0
  z: 2893.300000011921
  yaw: 82.637024
  pitch: -28.366161
