lastAccountName: Woolyhead
timestamps:
  login: 1520099854924
  logout: 1520099914058
ipAddress: 89.201.7.251
lastlocation:
  world: world
  x: -220.5
  y: 68.0
  z: 244.5
  yaw: 0.0
  pitch: 0.0
logoutlocation:
  world: world
  x: 371.4930902199994
  y: 71.0
  z: -668.3536361558876
  yaw: 217.23569
  pitch: 42.30354
