lastAccountName: mcgamer890
timestamps:
  login: 1520051864935
  logout: 1520051931590
ipAddress: 73.225.121.234
lastlocation:
  world: world
  x: -220.5
  y: 68.0
  z: 244.5
  yaw: 0.0
  pitch: 0.0
logoutlocation:
  world: world
  x: 403.4562451093892
  y: 72.0
  z: -665.4325490403037
  yaw: 270.73373
  pitch: 81.89998
