lastAccountName: AButterKnife
timestamps:
  login: 1519699343045
  logout: 1519699386949
ipAddress: 71.234.95.246
lastlocation:
  world: world
  x: -220.5
  y: 68.0
  z: 244.5
  yaw: 0.0
  pitch: 0.0
logoutlocation:
  world: world
  x: 370.24172640745934
  y: 71.0
  z: -657.6949803585538
  yaw: -11.619508
  pitch: 11.370913
