lastAccountName: Dig_Mate
timestamps:
  login: 1519697701202
  kits:
    member: 1519697726813
  logout: 1519697810601
ipAddress: 37.6.2.252
lastlocation:
  world: world
  x: -220.5
  y: 68.0
  z: 244.5
  yaw: 0.0
  pitch: 0.0
logoutlocation:
  world: world
  x: 369.41931782881005
  y: 71.0
  z: -667.6801322630113
  yaw: 86.69802
  pitch: 48.479244
