lastlocation:
  world: world
  x: 165.55096934365866
  y: 65.94895537809305
  z: -472.4693363535246
  yaw: 255.31079
  pitch: 21.595816
lastAccountName: mrgranny_91
timestamps:
  login: 1519691259338
  lastteleport: 1519691568482
  logout: 1519691601755
  kits:
    member: 1519691280258
ipAddress: 80.7.129.190
money: '947000'
logoutlocation:
  world: world
  x: 165.55096934365866
  y: 65.94895537809305
  z: -472.4693363535246
  yaw: 255.31079
  pitch: 21.595816
