lastAccountName: rizz4k
timestamps:
  login: 1519740932560
  logout: 1519740982890
ipAddress: 212.15.177.218
lastlocation:
  world: world
  x: -220.5
  y: 68.0
  z: 244.5
  yaw: 0.0
  pitch: 0.0
money: '2000'
logoutlocation:
  world: world
  x: 4213.699999988079
  y: 73.03375904580109
  z: -1850.5499585228786
  yaw: 89.96915
  pitch: 54.77189
