lastAccountName: TheOGSnowball
timestamps:
  login: 1519883248966
  lastteleport: 1519883332596
  logout: 1519883448852
ipAddress: 24.138.173.105
lastlocation:
  world: world
  x: -950.5
  y: 65.5
  z: 3289.5
  yaw: 0.0
  pitch: 0.0
logoutlocation:
  world: world
  x: 377.0778371783048
  y: 71.0
  z: -668.088084766712
  yaw: -66.67467
  pitch: 9.49068
