lastAccountName: Callmelogan
timestamps:
  login: 1519592460963
  kits:
    member: 1519592487995
  logout: 1519592512506
ipAddress: 86.183.253.117
lastlocation:
  world: world
  x: -220.5
  y: 68.0
  z: 244.5
  yaw: 0.0
  pitch: 0.0
logoutlocation:
  world: world
  x: 382.419889199921
  y: 72.0
  z: -676.68364860357
  yaw: 270.7809
  pitch: -6.8293056
