lastAccountName: 17clacam
timestamps:
  login: 1520016520401
  kits:
    member: 1520016536226
  logout: 1520016561559
ipAddress: 98.155.125.41
lastlocation:
  world: world
  x: -220.5
  y: 68.0
  z: 244.5
  yaw: 0.0
  pitch: 0.0
logoutlocation:
  world: world
  x: 370.9175969392055
  y: 72.0
  z: -611.8034547647887
  yaw: 7.875946
  pitch: -2.403056
