lastAccountName: dull3478
timestamps:
  login: 1519878142341
  logout: 1519878382945
ipAddress: 77.216.60.112
lastlocation:
  world: world
  x: -220.5
  y: 68.0
  z: 244.5
  yaw: 0.0
  pitch: 0.0
money: '0.0'
logoutlocation:
  world: world
  x: -2206.300000011921
  y: 69.13387975220665
  z: -2697.5540344640613
  yaw: 43.501026
  pitch: 70.649994
