lastAccountName: BusterCraft23
timestamps:
  login: 1519829803256
  logout: 1519829828793
ipAddress: 82.27.15.16
lastlocation:
  world: world
  x: -220.5
  y: 68.0
  z: 244.5
  yaw: 0.0
  pitch: 0.0
logoutlocation:
  world: world
  x: -3300.597785874558
  y: 66.0
  z: 3982.36630664313
  yaw: 264.3633
  pitch: 62.461586
