lastAccountName: KeremVDB
timestamps:
  login: 1519863415381
  logout: 1519863476085
ipAddress: 86.84.142.90
lastlocation:
  world: world
  x: -220.5
  y: 68.0
  z: 244.5
  yaw: 0.0
  pitch: 0.0
logoutlocation:
  world: world
  x: 369.1230190771166
  y: 73.0
  z: -708.6538526095535
  yaw: 178.63336
  pitch: 67.649994
