lastAccountName: Hiiruko
timestamps:
  login: 1519835556974
  logout: 1519835947621
ipAddress: 46.223.14.23
lastlocation:
  world: world
  x: -220.5
  y: 68.0
  z: 244.5
  yaw: 0.0
  pitch: 0.0
logoutlocation:
  world: world
  x: -391.3901221350349
  y: 36.0
  z: -1409.699999988079
  yaw: 34.049988
  pitch: 78.00001
