lastAccountName: Rapid2314
timestamps:
  login: 1520040550887
  logout: 1520040559182
  lastteleport: 1520038029512
  kits:
    member: 1520037963076
ipAddress: 172.97.233.194
lastlocation:
  world: world
  x: 367.54153006314067
  y: 71.0625
  z: -667.7539402127411
  yaw: 91.18344
  pitch: -1.0456529
logoutlocation:
  world: world
  x: -922.5
  y: 10.0
  z: -1207.5
  yaw: 307.14355
  pitch: 12.796428
homes: {}
