lastAccountName: BreathOfTheWildl
timestamps:
  login: 1519866694024
  kits:
    food: 1519866771460
  logout: 1519866779285
ipAddress: 188.221.59.61
lastlocation:
  world: world
  x: -220.5
  y: 68.0
  z: 244.5
  yaw: 0.0
  pitch: 0.0
logoutlocation:
  world: world
  x: 333.01995877872815
  y: 73.0
  z: -672.3476316176977
  yaw: 208.93304
  pitch: 19.05435
