lastAccountName: Heath56
timestamps:
  login: 1519719263064
  logout: 1519719500988
ipAddress: 118.208.150.111
lastlocation:
  world: world
  x: -220.5
  y: 68.0
  z: 244.5
  yaw: 0.0
  pitch: 0.0
money: '2000'
homes:
  home:
    world: world
    x: 1897.2742265018132
    y: 68.0
    z: -1217.2859117736807
    yaw: 92.13835
    pitch: 37.369366
logoutlocation:
  world: world
  x: 1894.3851712710941
  y: 69.11524800448609
  z: -1217.699999988079
  yaw: 112.43293
  pitch: 56.852146
