lastAccountName: 9my
timestamps:
  login: 1519984818022
  lastteleport: 1519984943093
  kits:
    member: 1519984967192
  logout: 1519985063101
ipAddress: 113.210.60.30
lastlocation:
  world: world
  x: 345.63347383798236
  y: 72.0
  z: -668.448131881422
  yaw: 88.91472
  pitch: 79.029015
money: '2000'
logoutlocation:
  world: world
  x: -1500.1440306324705
  y: 79.0
  z: 849.1604752351168
  yaw: 163.81705
  pitch: 41.43867
