lastAccountName: herzgebrochenes
timestamps:
  login: 1519769754186
  logout: 1519769907425
ipAddress: 80.110.123.138
lastlocation:
  world: world
  x: -220.5
  y: 68.0
  z: 244.5
  yaw: 0.0
  pitch: 0.0
money: '2000'
logoutlocation:
  world: world
  x: 366.5843644529348
  y: 71.0
  z: -660.0369823343156
  yaw: 35.607086
  pitch: 46.94242
