lastAccountName: Fishings309
timestamps:
  login: 1519982187079
  logout: 1519982218911
ipAddress: 112.200.99.140
lastlocation:
  world: world
  x: -220.5
  y: 68.0
  z: 244.5
  yaw: 0.0
  pitch: 0.0
logoutlocation:
  world: world
  x: -3021.4858962948942
  y: 69.0
  z: -4286.699999988079
  yaw: 230.24956
  pitch: 66.89999
