lastAccountName: Wmn0220
timestamps:
  login: 1519679821253
  logout: 1519679837912
ipAddress: 66.66.172.48
lastlocation:
  world: world
  x: -220.5
  y: 68.0
  z: 244.5
  yaw: 0.0
  pitch: 0.0
logoutlocation:
  world: world
  x: 370.3423515976403
  y: 71.0
  z: -667.1652669150237
  yaw: 314.3854
  pitch: -12.309467
