lastAccountName: ZaraDoxy_
timestamps:
  login: 1519777245328
  logout: 1519752675220
ipAddress: 86.81.130.167
lastlocation:
  world: world
  x: -220.5
  y: 68.0
  z: 244.5
  yaw: 0.0
  pitch: 0.0
logoutlocation:
  world: world
  x: 376.52596477415995
  y: 71.0
  z: -678.1118129932635
  yaw: 295.00235
  pitch: 5.29543
