lastAccountName: w1LL301
timestamps:
  login: 1520044260157
  logout: 1520044272355
ipAddress: 104.2.212.206
lastlocation:
  world: world
  x: -220.5
  y: 68.0
  z: 244.5
  yaw: 0.0
  pitch: 0.0
logoutlocation:
  world: world
  x: 373.5
  y: 71.0
  z: -667.5
  yaw: -89.11653
  pitch: 0.15434599
