lastAccountName: Kronos1976
timestamps:
  login: 1519956926290
  logout: 1519956936735
ipAddress: 24.210.210.187
lastlocation:
  world: world
  x: -220.5
  y: 68.0
  z: 244.5
  yaw: 0.0
  pitch: 0.0
logoutlocation:
  world: world
  x: 374.69961408654945
  y: 72.0
  z: -648.9293101428792
  yaw: -127.216576
  pitch: 58.499992
