lastAccountName: LagClear
timestamps:
  login: 1519734796971
  logout: 1519734932514
ipAddress: 76.174.153.118
lastlocation:
  world: world
  x: -220.5
  y: 68.0
  z: 244.5
  yaw: 0.0
  pitch: 0.0
logoutlocation:
  world: world
  x: 183.7401165147246
  y: 81.0
  z: 166.32893215123852
  yaw: 171.15347
  pitch: 22.207106
