lastAccountName: nightomancer
timestamps:
  login: 1520095940322
  lastteleport: 1520096222158
  logout: 1520096318033
ipAddress: 72.221.33.20
lastlocation:
  world: world
  x: 346.62634371426776
  y: 72.0
  z: -664.6883154986014
  yaw: 21.007431
  pitch: 17.31268
logoutlocation:
  world: world
  x: 554.2922739759483
  y: 78.0
  z: 796.7577949194716
  yaw: 121.71715
  pitch: 22.55603
