lastAccountName: Afwassen
timestamps:
  login: 1519764881311
  logout: 1519765182064
ipAddress: 77.169.187.100
lastlocation:
  world: world
  x: -220.5
  y: 68.0
  z: 244.5
  yaw: 0.0
  pitch: 0.0
logoutlocation:
  world: world
  x: 367.3936129601213
  y: 71.0
  z: -672.8118345846287
  yaw: 222.55899
  pitch: 32.660183
