lastAccountName: SaugPVP
timestamps:
  login: 1519863431157
ipAddress: 176.22.126.227
lastlocation:
  world: world
  x: -220.5
  y: 68.0
  z: 244.5
  yaw: 0.0
  pitch: 0.0
homes:
  home:
    world: world
    x: 46.209278843585565
    y: 64.0
    z: -663.6919233501903
    yaw: 112.18378
    pitch: 17.554462
