lastAccountName: RickGamingYT
timestamps:
  login: 1519602207221
  logout: 1519602388365
ipAddress: 104.5.226.104
lastlocation:
  world: world
  x: -220.5
  y: 68.0
  z: 244.5
  yaw: 0.0
  pitch: 0.0
logoutlocation:
  world: world
  x: 515.0811682856281
  y: 72.0
  z: -658.4214204956246
  yaw: 324.14636
  pitch: 21.676443
