lastlocation:
  world: world
  x: -220.5
  y: 68.0
  z: 244.5
  yaw: 0.0
  pitch: 0.0
lastAccountName: Pikachu_Gamer108
timestamps:
  login: 1519694261827
  logout: 1519694202971
ipAddress: 2.216.171.182
logoutlocation:
  world: world
  x: 455.86882617441535
  y: 72.0
  z: -664.6618156003974
  yaw: 90.10242
  pitch: -31.154564
