lastAccountName: EnterYourNames
timestamps:
  login: 1519594640574
  logout: 1519594788488
ipAddress: 109.157.251.78
lastlocation:
  world: world
  x: -220.5
  y: 68.0
  z: 244.5
  yaw: 0.0
  pitch: 0.0
logoutlocation:
  world: world
  x: 489.0862180665434
  y: 72.0
  z: -677.3435227037008
  yaw: 22.752302
  pitch: 0.6454323
