lastAccountName: TheCrazyRhino
timestamps:
  login: 1519882913923
  logout: 1519883020315
ipAddress: 71.226.49.245
lastlocation:
  world: world
  x: -220.5
  y: 68.0
  z: 244.5
  yaw: 0.0
  pitch: 0.0
logoutlocation:
  world: world
  x: 2653.631968354798
  y: 72.09524802355962
  z: 2822.3186369116884
  yaw: 92.79137
  pitch: 72.41513
