lastAccountName: ___Dylan____
timestamps:
  login: 1519699062663
  logout: 1519699100293
ipAddress: 69.120.103.248
lastlocation:
  world: world
  x: -220.5
  y: 68.0
  z: 244.5
  yaw: 0.0
  pitch: 0.0
logoutlocation:
  world: world
  x: 376.3676187853995
  y: 71.0
  z: -669.8529813256127
  yaw: -107.89761
  pitch: 8.895423
