lastAccountName: NoHaxJustR3flex
timestamps:
  login: 1519765852152
  logout: 1519765921817
ipAddress: 93.147.200.200
lastlocation:
  world: world
  x: -220.5
  y: 68.0
  z: 244.5
  yaw: 0.0
  pitch: 0.0
logoutlocation:
  world: world
  x: 364.4964832211295
  y: 71.0
  z: -669.3471293649011
  yaw: 109.53449
  pitch: 28.299654
