lastAccountName: Mexy
timestamps:
  login: 1519593529379
  lastteleport: 1519593941182
  logout: 1519594167272
ipAddress: 95.146.132.44
lastlocation:
  world: world
  x: 148.81869617818256
  y: 63.015625
  z: -765.0021098354255
  yaw: -85.41533
  pitch: 14.055532
logoutlocation:
  world: world
  x: 322.5631234142623
  y: 72.0
  z: -667.5055517315967
  yaw: 93.402374
  pitch: 0.94542956
