lastAccountName: Ninjalongspy_YT_
timestamps:
  login: 1520043148083
  logout: 1520044583699
  lastteleport: 1520035839854
  kits:
    member: 1519954561848
    food: 1520036174995
ipAddress: 98.222.39.38
lastlocation:
  world: world
  x: 328.2969581738939
  y: 72.0
  z: -665.4395356027263
  yaw: -275.55832
  pitch: 6.686682
logoutlocation:
  world: world
  x: -4618.305832391501
  y: 6.0
  z: -1788.459417972494
  yaw: -110.62638
  pitch: 15.7458935
homes:
  home:
    world: world
    x: -4621.095599435489
    y: 6.0
    z: -1789.42005163229
    yaw: 2.6464372
    pitch: 10.749196
