lastAccountName: Ninjalongspy_YT_
timestamps:
  login: 1519970275576
  logout: 1519971324222
  lastteleport: 1519964684390
  kits:
    member: 1519954561848
ipAddress: 98.222.39.38
lastlocation:
  world: world
  x: 373.3907252107661
  y: 71.0625
  z: -667.497046187853
  yaw: -268.81656
  pitch: -1.0456529
logoutlocation:
  world: world
  x: 29.842226988239673
  y: 63.0
  z: -640.0012188220179
  yaw: -91.672035
  pitch: 37.3432
