lastAccountName: kingjr2478
timestamps:
  login: 1519607864123
  logout: 1519607891980
ipAddress: 72.83.64.164
lastlocation:
  world: world
  x: -220.5
  y: 68.0
  z: 244.5
  yaw: 0.0
  pitch: 0.0
logoutlocation:
  world: world
  x: 373.5
  y: 71.0
  z: -667.5
  yaw: 32.550007
  pitch: 5.59543
