lastAccountName: Baikaa
timestamps:
  login: 1519983194323
  logout: 1519983361078
ipAddress: 186.190.186.73
lastlocation:
  world: world
  x: -220.5
  y: 68.0
  z: 244.5
  yaw: 0.0
  pitch: 0.0
logoutlocation:
  world: world
  x: 136.76582898356241
  y: 62.95412733488044
  z: -603.381037867147
  yaw: 100.63328
  pitch: 85.804306
