lastAccountName: LiI_Chicken
timestamps:
  login: 1519752081474
  logout: 1519689930600
ipAddress: 37.11.64.180
lastlocation:
  world: world
  x: -220.5
  y: 68.0
  z: 244.5
  yaw: 0.0
  pitch: 0.0
logoutlocation:
  world: world
  x: 372.54773866306533
  y: 71.0
  z: -668.4459727682168
  yaw: 137.6659
  pitch: 6.371221
