lastAccountName: Grandma_Marsh
timestamps:
  login: 1519914791144
  lastteleport: 1519915463762
  logout: 1519915476818
ipAddress: 188.4.90.86
lastlocation:
  world: world
  x: -961.6999999880791
  y: 82.0
  z: 3152.464989563539
  yaw: 83.4161
  pitch: -9.919262
logoutlocation:
  world: world
  x: 821.5830768851661
  y: 65.0
  z: 2892.699999988079
  yaw: -91.9631
  pitch: -49.459206
