lastAccountName: Kaatokence
timestamps:
  login: 1520054261071
  kits:
    dragon2: 1520054523234
    ki: 1520054761570
    kitwither: 1520054598613
    youtube: 1520054706941
ipAddress: 98.211.48.161
lastlocation:
  world: world
  x: 363.6192854673623
  y: 71.0
  z: -665.5605701882095
  yaw: -251.99792
  pitch: 4.714807
