lastAccountName: Boxters
timestamps:
  login: 1519697970962
  lastteleport: 1519698305835
  logout: 1519698614580
ipAddress: 47.41.232.90
lastlocation:
  world: world
  x: 372.0428192953892
  y: 72.0
  z: -763.187851405201
  yaw: -179.89734
  pitch: 40.395454
logoutlocation:
  world: world
  x: -4567.114299486123
  y: 87.0
  z: 4299.608477739212
  yaw: 79.073746
  pitch: 25.949984
