lastAccountName: Forbsy
timestamps:
  login: 1520011484721
  logout: 1520011605517
ipAddress: 212.86.185.80
lastlocation:
  world: world
  x: -220.5
  y: 68.0
  z: 244.5
  yaw: 0.0
  pitch: 0.0
logoutlocation:
  world: world
  x: -1820.5954969644645
  y: 64.0
  z: 800.7532041163863
  yaw: 201.69772
  pitch: 19.521698
