lastlocation:
  world: world
  x: -220.5
  y: 68.0
  z: 244.5
  yaw: 0.0
  pitch: 0.0
lastAccountName: makeemhack
timestamps:
  login: 1519621718061
  logout: 1519621774247
ipAddress: 24.157.76.47
logoutlocation:
  world: world
  x: 339.1902164558533
  y: 72.0
  z: -665.2775374811888
  yaw: -273.89682
  pitch: 38.29761
