lastAccountName: Seal_2k43
timestamps:
  login: 1519827484884
  logout: 1519827512279
ipAddress: 27.33.3.132
lastlocation:
  world: world
  x: -220.5
  y: 68.0
  z: 244.5
  yaw: 0.0
  pitch: 0.0
logoutlocation:
  world: world
  x: -3310.344607977758
  y: 74.0
  z: 3969.345637354665
  yaw: 198.59549
  pitch: 16.050009
