lastAccountName: Williamblaaah_24
timestamps:
  login: 1519800650569
  lastteleport: 1519800705985
  logout: 1519800737195
  kits:
    member: 1519692634849
ipAddress: 71.212.74.91
lastlocation:
  world: world
  x: 147.12775976768336
  y: 63.015625
  z: -647.5716027779916
  yaw: 100.51663
  pitch: 90.0
money: '1775502.0'
homes:
  home:
    world: world
    x: 147.1782090127286
    y: 63.015625
    z: -647.6396200523534
    yaw: 100.51663
    pitch: 90.0
logoutlocation:
  world: world
  x: 150.11361528104462
  y: 63.0
  z: -647.3452054150904
  yaw: 225.85683
  pitch: 17.948143
