lastAccountName: lilPumperIsaGod
timestamps:
  login: 1519988203790
  logout: 1519988225222
ipAddress: 81.158.4.236
lastlocation:
  world: world
  x: -220.5
  y: 68.0
  z: 244.5
  yaw: 0.0
  pitch: 0.0
logoutlocation:
  world: world
  x: 367.9433221529875
  y: 71.0
  z: -663.7228069275741
  yaw: 192.79555
  pitch: -90.0
