lastAccountName: panawesome
timestamps:
  login: 1519691656632
ipAddress: 75.32.4.84
lastlocation:
  world: world
  x: -220.5
  y: 68.0
  z: 244.5
  yaw: 0.0
  pitch: 0.0
logoutlocation:
  world: world
  x: 373.5
  y: 71.0
  z: -667.5
  yaw: -270.19763
  pitch: -2.3545702
