lastAccountName: XxMrOGxX
timestamps:
  login: 1520081877274
  lastteleport: 1520000248795
  logout: 1520081880656
ipAddress: 41.225.248.216
lastlocation:
  world: world
  x: 379.8452431681494
  y: 71.0
  z: -674.2261835838209
  yaw: 0.5838623
  pitch: 22.350039
money: '8000'
logoutlocation:
  world: world
  x: 380.45061968400876
  y: 71.0
  z: -676.2287882387402
  yaw: -142.96654
  pitch: 3.9043303
