lastAccountName: XxMrOGxX
timestamps:
  login: 1519997662581
  lastteleport: 1520000248795
  logout: 1520000769837
ipAddress: 41.225.248.216
lastlocation:
  world: world
  x: 379.8452431681494
  y: 71.0
  z: -674.2261835838209
  yaw: 0.5838623
  pitch: 22.350039
money: '8000'
logoutlocation:
  world: world
  x: 380.45061968400876
  y: 71.0
  z: -676.2287882387402
  yaw: -72.16656
  pitch: 1.8043301
