lastAccountName: just_that_killa
timestamps:
  login: 1519598494440
  logout: 1519598498230
ipAddress: 76.69.241.134
lastlocation:
  world: world
  x: -220.5
  y: 68.0
  z: 244.5
  yaw: 0.0
  pitch: 0.0
logoutlocation:
  world: world
  x: 373.5
  y: 71.0
  z: -667.5
  yaw: 89.80237
  pitch: -2.3545702
