lastlocation:
  world: world
  x: -220.5
  y: 68.0
  z: 244.5
  yaw: 0.0
  pitch: 0.0
lastAccountName: Gamerboy0511
timestamps:
  login: 1519690542828
  logout: 1519690752844
ipAddress: 173.170.192.221
money: '2000'
logoutlocation:
  world: world
  x: 328.30000001192093
  y: 63.0
  z: -440.92823388220467
  yaw: 74.53244
  pitch: 15.774086
