lastAccountName: igodz
timestamps:
  login: 1519968653588
  logout: 1519969164050
ipAddress: 68.217.199.248
lastlocation:
  world: world
  x: -2504.8059458133325
  y: 69.0
  z: 1201.9520348959225
  yaw: 96.80902
  pitch: 41.91655
money: '1000.0'
logoutlocation:
  world: world
  x: 392.7946125839766
  y: 68.0
  z: -1123.1097280468994
  yaw: -136.69408
  pitch: 42.219543
