lastAccountName: SkulzLeaderYT
timestamps:
  login: 1519925969691
  kits:
    member: 1519925889670
  lastteleport: 1519926186488
  logout: 1519926986316
ipAddress: 92.11.15.228
lastlocation:
  world: world
  x: -2495.6290161004235
  y: 46.0
  z: 3696.3386001540757
  yaw: -17.860386
  pitch: -90.0
logoutlocation:
  world: world
  x: 988.6999999880791
  y: 79.0
  z: -2297.2097128234614
  yaw: 176.35277
  pitch: -3.9617302
