lastAccountName: KRoberts423
timestamps:
  login: 1519928880287
  kits:
    member: 1519928952486
  logout: 1519929045509
ipAddress: 86.5.91.94
lastlocation:
  world: world
  x: -220.5
  y: 68.0
  z: 244.5
  yaw: 0.0
  pitch: 0.0
money: '0.0'
logoutlocation:
  world: world
  x: 3818.314907403663
  y: 54.0
  z: 4034.585805666709
  yaw: 67.64996
  pitch: 90.0
