lastAccountName: Plochem
timestamps:
  login: 1519598588687
  logout: 1519598685375
ipAddress: 24.6.82.32
lastlocation:
  world: world
  x: -220.5
  y: 68.0
  z: 244.5
  yaw: 0.0
  pitch: 0.0
logoutlocation:
  world: world
  x: 362.3383256525759
  y: 71.03584062504456
  z: -668.4199725445512
  yaw: 273.5645
  pitch: 44.74179
