lastAccountName: FatnessEverEat
timestamps:
  login: 1519597599971
  logout: 1519597810051
ipAddress: 209.169.115.77
lastlocation:
  world: world
  x: -220.5
  y: 68.0
  z: 244.5
  yaw: 0.0
  pitch: 0.0
logoutlocation:
  world: world
  x: 516.620382868162
  y: 72.0
  z: -671.6003154129627
  yaw: 260.68457
  pitch: 33.439964
