lastAccountName: SkyPandaGuy
timestamps:
  login: 1519601185769
  logout: 1519601187096
ipAddress: 108.45.134.86
lastlocation:
  world: world
  x: -220.5
  y: 68.0
  z: 244.5
  yaw: 0.0
  pitch: 0.0
logoutlocation:
  world: world
  x: 372.87398267078385
  y: 71.0
  z: -667.4812239901835
  yaw: 85.302376
  pitch: 7.09543
