lastAccountName: raymond21
timestamps:
  login: 1519731414565
  kits:
    food: 1519731510430
  logout: 1519731807883
ipAddress: 217.103.15.30
lastlocation:
  world: world
  x: -220.5
  y: 68.0
  z: 244.5
  yaw: 0.0
  pitch: 0.0
money: '2000'
logoutlocation:
  world: world
  x: 776.3557486819177
  y: 65.0
  z: -662.3484917695521
  yaw: 268.65753
  pitch: 54.7099
