lastAccountName: zipeside
timestamps:
  login: 1519938469628
  logout: 1519938508050
ipAddress: 84.25.125.240
lastlocation:
  world: world
  x: -220.5
  y: 68.0
  z: 244.5
  yaw: 0.0
  pitch: 0.0
logoutlocation:
  world: world
  x: 353.0464161035755
  y: 72.0
  z: -666.6194424980806
  yaw: 96.88346
  pitch: 27.004349
