lastAccountName: Hotty264
timestamps:
  login: 1520070833349
  logout: 1520070840273
  lastteleport: 1519969200762
  lastheal: 1519957618529
  kits:
    zombie: 1519946670074
ipAddress: 107.2.106.156
money: '953007.0'
logoutlocation:
  world: world
  x: 5363.630155867325
  y: 213.0
  z: 4327.699999988079
  yaw: 44.973145
  pitch: 30.25824
lastlocation:
  world: world
  x: 337.980618800725
  y: 72.0
  z: -667.7575941920222
  yaw: 89.045944
  pitch: -5.26444
homes:
  home:
    world: world
    x: 5350.808197970768
    y: 13.5
    z: 4309.5920655665495
    yaw: 269.6412
    pitch: 54.98361
  base1:
    world: world
    x: 5364.916555198693
    y: 215.0
    z: 4316.673725440857
    yaw: 48.95787
    pitch: 30.111338
