lastAccountName: KwT_
timestamps:
  login: 1519779995036
  lastteleport: 1519780191516
ipAddress: 37.39.213.127
lastlocation:
  world: world
  x: -4189.277215453691
  y: 76.0
  z: -1455.6440760908592
  yaw: -145.05219
  pitch: 4.650043
money: '1000.0'
logoutlocation:
  world: buildsextra
  x: 289.5595476889957
  y: 11.0
  z: 158.69999998807907
  yaw: -29.09656
  pitch: 24.300018
