lastAccountName: flapppie
timestamps:
  login: 1519593838773
  logout: 1519593858767
ipAddress: 213.127.36.183
lastlocation:
  world: world
  x: -220.5
  y: 68.0
  z: 244.5
  yaw: 0.0
  pitch: 0.0
logoutlocation:
  world: world
  x: 377.80231513094793
  y: 71.78502770378924
  z: -673.0140058323856
  yaw: -296.64725
  pitch: 9.106629
