lastAccountName: Aplo
timestamps:
  login: 1519880337719
  logout: 1519880346851
ipAddress: 74.130.245.47
lastlocation:
  world: world
  x: -220.5
  y: 68.0
  z: 244.5
  yaw: 0.0
  pitch: 0.0
logoutlocation:
  world: world
  x: 368.7836173337714
  y: 71.0
  z: -665.5928553756545
  yaw: -25.250546
  pitch: -2.7129653
