lastAccountName: Cookie_Seller
timestamps:
  login: 1519778991249
  logout: 1519779033512
ipAddress: 5.64.190.89
lastlocation:
  world: world
  x: -220.5
  y: 68.0
  z: 244.5
  yaw: 0.0
  pitch: 0.0
logoutlocation:
  world: world
  x: 304.24708505628706
  y: 72.0
  z: -669.1417024694349
  yaw: -89.59764
  pitch: 2.5954363
