lastAccountName: hotshotcard1999
timestamps:
  login: 1519755531045
  logout: 1519755835384
ipAddress: 75.173.181.65
lastlocation:
  world: world
  x: -220.5
  y: 68.0
  z: 244.5
  yaw: 0.0
  pitch: 0.0
money: '2000'
logoutlocation:
  world: world
  x: -4207.694897457317
  y: 69.0
  z: 2329.512499988079
  yaw: -2.1326363
  pitch: 64.67589
