lastAccountName: GaranixLikePink
timestamps:
  login: 1520017542569
  logout: 1520017754852
ipAddress: 86.5.91.94
lastlocation:
  world: world
  x: -220.5
  y: 68.0
  z: 244.5
  yaw: 0.0
  pitch: 0.0
money: '0.0'
logoutlocation:
  world: world
  x: -3955.397492361659
  y: 51.0
  z: -3253.699999988079
  yaw: 173.54944
  pitch: 38.699947
