lastAccountName: GaranixLikePink
timestamps:
  login: 1520080800509
  logout: 1520080834905
ipAddress: 86.5.91.94
lastlocation:
  world: world
  x: -220.5
  y: 68.0
  z: 244.5
  yaw: 0.0
  pitch: 0.0
money: '0.0'
logoutlocation:
  world: world
  x: -3958.699999988079
  y: 51.0
  z: -3254.0423396332617
  yaw: 120.59951
  pitch: 15.899935
