lastAccountName: MythicGirl
timestamps:
  login: 1520014833258
  logout: 1520014856644
ipAddress: 212.112.154.37
lastlocation:
  world: world
  x: -220.5
  y: 68.0
  z: 244.5
  yaw: 0.0
  pitch: 0.0
logoutlocation:
  world: world
  x: 362.76432497578617
  y: 71.0
  z: -666.6104161349161
  yaw: -91.06659
  pitch: 9.004348
