lastAccountName: ___ki
timestamps:
  login: 1519994559541
  logout: 1519995111977
ipAddress: 81.158.4.236
lastlocation:
  world: world
  x: -220.5
  y: 68.0
  z: 244.5
  yaw: 0.0
  pitch: 0.0
logoutlocation:
  world: world
  x: 368.71080888452866
  y: 73.0
  z: -580.6999999880791
  yaw: -188.60562
  pitch: -7.4362793
