lastAccountName: Skittlless
timestamps:
  login: 1519601486571
  logout: 1519601558084
ipAddress: 208.104.88.56
lastlocation:
  world: world
  x: -220.5
  y: 68.0
  z: 244.5
  yaw: 0.0
  pitch: 0.0
logoutlocation:
  world: world
  x: 245.04918595601504
  y: 72.0
  z: -663.78140685136
  yaw: -100.71882
  pitch: -3.3685112
