lastAccountName: reyrey723
timestamps:
  login: 1519596480967
  logout: 1519596483290
ipAddress: 142.118.197.224
lastlocation:
  world: world
  x: -220.5
  y: 68.0
  z: 244.5
  yaw: 0.0
  pitch: 0.0
logoutlocation:
  world: world
  x: 851.7766834255817
  y: 68.0
  z: -976.1320240395586
  yaw: 278.2674
  pitch: 8.188429
