lastAccountName: officer401
timestamps:
  login: 1519594464061
  logout: 1519594612522
ipAddress: 68.201.48.40
lastlocation:
  world: world
  x: -220.5
  y: 68.0
  z: 244.5
  yaw: 0.0
  pitch: 0.0
logoutlocation:
  world: world
  x: 421.87833465200106
  y: 73.0
  z: -662.0764677935836
  yaw: 159.10242
  pitch: -36.10457
