lastAccountName: Raging_Gaming0
timestamps:
  login: 1519926091829
  lastteleport: 1519926119140
  kits:
    food: 1519603363678
  logout: 1519926127385
ipAddress: 86.177.186.239
lastlocation:
  world: world
  x: 360.0719145856432
  y: 72.0
  z: -666.5653077722404
  yaw: 275.68335
  pitch: 10.804357
money: '83848.0'
logoutlocation:
  world: world
  x: 373.5
  y: 71.0
  z: -667.5
  yaw: -268.81656
  pitch: -1.0456529
