lastAccountName: Zakhar1209
timestamps:
  login: 1519596388696
  logout: 1519596412631
ipAddress: 76.69.241.134
lastlocation:
  world: world
  x: -220.5
  y: 68.0
  z: 244.5
  yaw: 0.0
  pitch: 0.0
logoutlocation:
  world: world
  x: 364.74612335475626
  y: 72.0
  z: -654.2279360940887
  yaw: 0.0
  pitch: 90.0
