lastAccountName: J_Rad20
timestamps:
  login: 1519773940465
  logout: 1519686761220
  lastteleport: 1519686718650
ipAddress: 68.9.192.47
lastlocation:
  world: world
  x: -100.18632062865964
  y: 74.0
  z: -641.1325349874958
  yaw: -164.89502
  pitch: 40.20002
logoutlocation:
  world: world
  x: 1352.6126544655006
  y: 68.0
  z: 4041.9744107731676
  yaw: 210.4473
  pitch: 26.849989
