lastAccountName: IFunnySunnyI
timestamps:
  login: 1519693852401
  logout: 1519693975763
ipAddress: 5.210.69.69
lastlocation:
  world: world
  x: -220.5
  y: 68.0
  z: 244.5
  yaw: 0.0
  pitch: 0.0
logoutlocation:
  world: world
  x: 359.58700906517186
  y: 72.0
  z: -667.5120563886388
  yaw: -25.049904
  pitch: 12.195448
