lastAccountName: Launchpad_ziro
timestamps:
  login: 1520049746979
  logout: 1520049818590
  lastteleport: 1520049781994
ipAddress: 71.195.237.42
lastlocation:
  world: world
  x: 376.93935492588827
  y: 72.0
  z: -679.6411720758609
  yaw: 192.43347
  pitch: 8.704348
logoutlocation:
  world: world
  x: 161.69999998807907
  y: 63.933115884541415
  z: -3150.512499988079
  yaw: 203.84984
  pitch: 69.74996
money: '2000'
homes:
  home:
    world: world
    x: 161.1582872245853
    y: 65.0
    z: -3150.0641060759754
    yaw: 326.99985
    pitch: -6.749997
