lastAccountName: Launchpad_ziro
timestamps:
  login: 1519699763117
  logout: 1519699907701
ipAddress: 71.195.237.42
lastlocation:
  world: world
  x: -220.5
  y: 68.0
  z: 244.5
  yaw: 0.0
  pitch: 0.0
logoutlocation:
  world: world
  x: 161.1582872245853
  y: 65.0
  z: -3150.0641060759754
  yaw: 194.54994
  pitch: 74.1
money: '2000'
