lastAccountName: Legitti
timestamps:
  login: 1520089906718
  logout: 1520090299393
ipAddress: 91.157.194.199
logoutlocation:
  world: world
  x: -3352.2480104062415
  y: 72.0
  z: -2243.73653952261
  yaw: 288.40308
  pitch: 18.299994
