lastAccountName: DinnerLadie
timestamps:
  login: 1519935523680
  logout: 1519935537039
ipAddress: 5.68.16.226
lastlocation:
  world: world
  x: -220.5
  y: 68.0
  z: 244.5
  yaw: 0.0
  pitch: 0.0
logoutlocation:
  world: world
  x: 373.5
  y: 71.0
  z: -667.5
  yaw: -268.81656
  pitch: -1.0456529
