lastAccountName: Gregistan
timestamps:
  login: 1519591933332
  logout: 1519592082060
ipAddress: 31.45.226.76
lastlocation:
  world: world
  x: 382.3627823116952
  y: 63.0
  z: -907.8893505894823
  yaw: 24.320236
  pitch: 26.214527
logoutlocation:
  world: world
  x: 382.3627823116952
  y: 63.0
  z: -907.8893505894823
  yaw: 24.320236
  pitch: 26.214527
