lastAccountName: 49c
timestamps:
  login: 1519795139963
  kits:
    member: 1519795158309
  logout: 1519795229556
ipAddress: 174.60.146.83
lastlocation:
  world: world
  x: -220.5
  y: 68.0
  z: 244.5
  yaw: 0.0
  pitch: 0.0
logoutlocation:
  world: world
  x: -3302.3118933599035
  y: 74.04531146864667
  z: 3960.4679170548916
  yaw: 182.3949
  pitch: 59.24992
