lastAccountName: XxMrFoxxX
timestamps:
  login: 1519999752324
  logout: 1519999758233
ipAddress: 41.225.248.216
lastlocation:
  world: world
  x: -220.5
  y: 68.0
  z: 244.5
  yaw: 0.0
  pitch: 0.0
money: '8000'
logoutlocation:
  world: world
  x: 376.39426693420734
  y: 71.0
  z: -677.1677625057092
  yaw: 270.58347
  pitch: 21.304346
