lastAccountName: SmoKe_DaWg
timestamps:
  login: 1519686493307
  lastteleport: 1519686095339
  logout: 1519687394456
ipAddress: 5.70.198.15
lastlocation:
  world: world
  x: 369.5365115890179
  y: 71.0
  z: -666.9311741777987
  yaw: 90.25238
  pitch: 5.8954306
money: '350288.0'
logoutlocation:
  world: buildsextra
  x: -11.344547124828585
  y: 35.0
  z: 248.6374486290294
  yaw: -265.9504
  pitch: 0.0
