lastAccountName: CamyMuir
timestamps:
  login: 1519827111098
  lastteleport: 1519827128580
  logout: 1519827160114
ipAddress: 81.110.203.89
lastlocation:
  world: world
  x: -3292.462330796625
  y: 66.0
  z: 3974.337449095481
  yaw: 232.34546
  pitch: 9.900028
logoutlocation:
  world: world
  x: -3296.790891284494
  y: 64.00133597911214
  z: 4012.0658672175136
  yaw: 316.79547
  pitch: 18.899971
