lastAccountName: iStrqfe
timestamps:
  login: 1519981966056
  logout: 1519981969853
ipAddress: 174.3.237.146
lastlocation:
  world: world
  x: -220.5
  y: 68.0
  z: 244.5
  yaw: 0.0
  pitch: 0.0
logoutlocation:
  world: world
  x: 366.4884834279275
  y: 71.0
  z: -666.9871930741807
  yaw: 93.38917
  pitch: -2.453575
