lastAccountName: Garuda7429
timestamps:
  login: 1519646627473
  logout: 1519646676203
ipAddress: 174.102.248.58
lastlocation:
  world: world
  x: -220.5
  y: 68.0
  z: 244.5
  yaw: 0.0
  pitch: 0.0
logoutlocation:
  world: world
  x: 373.5
  y: 71.0
  z: -667.5
  yaw: -263.69824
  pitch: -5.274609
