lastAccountName: defaultaccount
timestamps:
  login: 1519889767166
  lastteleport: 1519889887693
  logout: 1519890038610
ipAddress: 73.239.210.91
lastlocation:
  world: world
  x: -3254.300000011921
  y: 66.0
  z: 2224.300000011921
  yaw: 243.57915
  pitch: -1.0017016
money: '1000.0'
logoutlocation:
  world: world
  x: 61.69999998807907
  y: 64.0
  z: -654.3633005750743
  yaw: -307.49167
  pitch: 69.156555
