lastAccountName: TheRolo0917
timestamps:
  login: 1520041395255
  logout: 1520041450418
ipAddress: 104.188.35.219
lastlocation:
  world: world
  x: -220.5
  y: 68.0
  z: 244.5
  yaw: 0.0
  pitch: 0.0
logoutlocation:
  world: world
  x: 292.94999998807907
  y: 74.0
  z: -672.3636839972129
  yaw: 262.1188
  pitch: 17.74272
