lastAccountName: BounCeFTW
timestamps:
  login: 1519697657513
  logout: 1519697755222
ipAddress: 86.120.164.52
lastlocation:
  world: world
  x: -220.5
  y: 68.0
  z: 244.5
  yaw: 0.0
  pitch: 0.0
logoutlocation:
  world: world
  x: -3601.5219016511483
  y: 64.0
  z: -1875.442229508322
  yaw: -191.06314
  pitch: 27.536472
