lastAccountName: XplosYT
timestamps:
  login: 1519592322728
  logout: 1519592603019
ipAddress: 98.165.69.111
lastlocation:
  world: world
  x: -220.5
  y: 68.0
  z: 244.5
  yaw: 0.0
  pitch: 0.0
money: '3000'
logoutlocation:
  world: world
  x: 378.2860540497157
  y: 71.65658248110962
  z: -656.3628481477107
  yaw: -336.55298
  pitch: 3.5699873
