lastAccountName: MattyMc23
timestamps:
  login: 1520069344683
  logout: 1520069360006
ipAddress: 114.77.100.109
lastlocation:
  world: world
  x: -220.5
  y: 68.0
  z: 244.5
  yaw: 0.0
  pitch: 0.0
logoutlocation:
  world: world
  x: 365.4798490186132
  y: 71.0
  z: -670.6701408609487
  yaw: 219.43347
  pitch: 11.554349
