lastAccountName: Mohannad_PlayzMC
timestamps:
  login: 1519940036145
  logout: 1519940374947
ipAddress: 45.246.17.64
lastlocation:
  world: world
  x: -220.5
  y: 68.0
  z: 244.5
  yaw: 0.0
  pitch: 0.0
money: '2000'
logoutlocation:
  world: world
  x: -963.6292520840652
  y: 94.08611148695724
  z: 1690.487500011921
  yaw: 190.19788
  pitch: 73.19996
