lastlocation:
  world: world
  x: -3940.3262690596707
  y: 71.0
  z: -1321.300000011921
  yaw: 164.8649
  pitch: 26.054491
lastAccountName: Zoiver
timestamps:
  login: 1519730459877
  lastteleport: 1519730602675
  logout: 1519730625844
ipAddress: 98.151.19.18
money: '32000'
logoutlocation:
  world: world
  x: 363.88623263350865
  y: 71.0
  z: -670.9390533812834
  yaw: 175.03162
  pitch: 8.170291
