lastAccountName: MellowBroadcast
timestamps:
  login: 1520090106150
  lastheal: 1520090202150
  kits:
    zombie: 1519606227375
  logout: 1520090337031
ipAddress: 70.27.33.247
lastlocation:
  world: buildsextra
  x: 304.71824846993457
  y: 8.0
  z: 169.98752768600514
  yaw: -124.19281
  pitch: -4.6551843
logoutlocation:
  world: world
  x: -4536.129662314781
  y: 47.0
  z: -818.8548765096621
  yaw: 342.60107
  pitch: 15.8998165
money: '1000.0'
