lastAccountName: Herahzz
timestamps:
  login: 1519787329155
  lastteleport: 1519787545393
  logout: 1519788063025
ipAddress: 71.208.196.124
lastlocation:
  world: world
  x: -3294.9639306210634
  y: 56.0
  z: 3934.060746304817
  yaw: 330.006
  pitch: 22.649965
money: '2000'
logoutlocation:
  world: world
  x: 364.38781220493286
  y: 72.0
  z: -658.4479751097537
  yaw: -3.4497817
  pitch: 0.45001587
