lastAccountName: Hotty264
timestamps:
  login: 1519514738264
  lastteleport: 1519469967711
  logout: 1519514810015
ipAddress: 107.2.106.156
lastlocation:
  world: world
  x: 371.9957737105703
  y: 71.0
  z: -667.4976980746433
  yaw: -270.26437
  pitch: -2.3545702
money: '1000.0'
logoutlocation:
  world: buildsextra
  x: -5.943528249456468
  y: 35.0625
  z: 244.86729024363638
  yaw: -16.967659
  pitch: -1.7176199
