lastAccountName: MerlinMagician
timestamps:
  login: 1520095009866
  logout: 1520095079876
  lastteleport: 1520095023858
  kits:
    member: 1520085989869
    food: 1520085999508
  lastheal: 1520087774171
ipAddress: 68.227.147.155
lastlocation:
  world: world
  x: 373.5
  y: 71.0625
  z: -667.5
  yaw: 296.5819
  pitch: 32.967983
logoutlocation:
  world: world
  x: -683.7285335174399
  y: 63.0
  z: -698.57898864681
  yaw: 156.19475
  pitch: 43.258667
money: '172000.0'
homes:
  home:
    world: world
    x: -926.879166377422
    y: 5.0
    z: -1205.300000011921
    yaw: 81.47797
    pitch: -5.744042
