lastAccountName: TrustDqnis
timestamps:
  login: 1519856503569
  logout: 1519856704430
ipAddress: 178.116.80.99
lastlocation:
  world: world
  x: -220.5
  y: 68.0
  z: 244.5
  yaw: 0.0
  pitch: 0.0
logoutlocation:
  world: world
  x: -3284.9821633299134
  y: 65.0
  z: 4011.5395861611064
  yaw: 124.09343
  pitch: 43.485542
