lastAccountName: DannyBean
timestamps:
  login: 1519597055465
  kits:
    member: 1519597087528
  logout: 1519597101405
ipAddress: 90.240.121.78
lastlocation:
  world: world
  x: -220.5
  y: 68.0
  z: 244.5
  yaw: 0.0
  pitch: 0.0
logoutlocation:
  world: world
  x: 380.8233288481461
  y: 71.0
  z: -666.0955042804237
  yaw: -188.7475
  pitch: -8.95457
