lastAccountName: outgaze
timestamps:
  login: 1520027782632
  logout: 1520027874762
ipAddress: 98.116.237.87
lastlocation:
  world: world
  x: -220.5
  y: 68.0
  z: 244.5
  yaw: 0.0
  pitch: 0.0
logoutlocation:
  world: world
  x: 363.7249664510157
  y: 72.0
  z: -675.7984900457802
  yaw: 95.73682
  pitch: 8.207264
