lastAccountName: Hoovered
timestamps:
  login: 1520071255612
  lastteleport: 1520067821476
  logout: 1520071262660
  kits:
    creeper2: 1519692677431
    dragon2: 1519977499061
    member: 1519600194988
    ki: 1519540051354
    kitwither: 1519540061430
    zombie: 1519881714194
    food: 1519603553593
    dragon: 1519977492241
    enderman2: 1519692667247
ipAddress: 107.2.106.156
lastlocation:
  world: world
  x: 5352.5
  y: 200.0
  z: 4311.5
  yaw: 267.3179
  pitch: -0.4812122
money: '110510.0'
socialspy: true
logoutlocation:
  world: buildsextra
  x: -3.8374731601838765
  y: 35.0625
  z: 238.60329400208946
  yaw: -213.28749
  pitch: 8.424926
nickname: "\xa7cHoovered"
afk: false
powertools: {}
homes:
  baseuse:
    world: world
    x: 5352.666021797937
    y: 200.0
    z: 4311.039142249213
    yaw: 267.3179
    pitch: -0.4812122
