lastAccountName: TBRNCactus
timestamps:
  login: 1519737312705
  lastteleport: 1519737678286
  logout: 1519737903681
ipAddress: 58.179.101.5
lastlocation:
  world: world
  x: 244.80102290867495
  y: 72.0
  z: -667.4047792530077
  yaw: -271.39758
  pitch: 10.545427
logoutlocation:
  world: world
  x: -931.4017361982003
  y: 5.0
  z: -1205.7014197545052
  yaw: 270.14697
  pitch: 27.59999
