lastAccountName: Nohaxjustgood321
timestamps:
  login: 1519733574034
  logout: 1519733650357
ipAddress: 89.172.244.49
lastlocation:
  world: world
  x: -220.5
  y: 68.0
  z: 244.5
  yaw: 0.0
  pitch: 0.0
logoutlocation:
  world: world
  x: 364.99192016921467
  y: 71.0
  z: -672.8533332924176
  yaw: 212.95235
  pitch: 0.64542514
