lastAccountName: SquidsAreYummy
timestamps:
  login: 1519611646762
  logout: 1519611676435
ipAddress: 75.141.228.70
lastlocation:
  world: world
  x: -220.5
  y: 68.0
  z: 244.5
  yaw: 0.0
  pitch: 0.0
logoutlocation:
  world: world
  x: 375.24357233376287
  y: 72.0
  z: -700.6963830578383
  yaw: 171.5634
  pitch: 4.710037
