lastAccountName: GamersMods
timestamps:
  login: 1519921574791
  logout: 1519921719272
ipAddress: 188.220.77.54
lastlocation:
  world: world
  x: -220.5
  y: 68.0
  z: 244.5
  yaw: 0.0
  pitch: 0.0
money: '0.0'
logoutlocation:
  world: world
  x: -609.6853227474676
  y: 66.0
  z: -857.3000000119209
  yaw: -59.45516
  pitch: 25.235466
