lastAccountName: c0b33678
timestamps:
  login: 1519864245821
  logout: 1519864734549
ipAddress: 181.160.178.46
lastlocation:
  world: world
  x: -220.5
  y: 68.0
  z: 244.5
  yaw: 0.0
  pitch: 0.0
money: '2000'
logoutlocation:
  world: world
  x: 51.30000001192093
  y: 64.0
  z: -690.1487578570029
  yaw: 87.88342
  pitch: 47.99998
