lastAccountName: uristar2
timestamps:
  login: 1519602681417
  logout: 1519602959389
ipAddress: 174.30.41.147
lastlocation:
  world: world
  x: -220.5
  y: 68.0
  z: 244.5
  yaw: 0.0
  pitch: 0.0
logoutlocation:
  world: world
  x: 282.1107056634421
  y: 67.0
  z: -629.7840705206183
  yaw: 83.0524
  pitch: 43.69543
