lastAccountName: XxAlchemyxX
timestamps:
  login: 1520008506453
  logout: 1520008547690
ipAddress: 73.162.154.49
lastlocation:
  world: world
  x: -220.5
  y: 68.0
  z: 244.5
  yaw: 0.0
  pitch: 0.0
logoutlocation:
  world: world
  x: 345.1479919665737
  y: 63.0
  z: -824.6108312052671
  yaw: 66.81959
  pitch: 12.450806
