lastAccountName: PineyBladePlayzz
timestamps:
  login: 1520037502289
  kits:
    member: 1520037658423
  logout: 1520037779527
ipAddress: 24.186.205.218
lastlocation:
  world: world
  x: -220.5
  y: 68.0
  z: 244.5
  yaw: 0.0
  pitch: 0.0
logoutlocation:
  world: world
  x: 347.47194984225644
  y: 67.0
  z: -755.4584506858357
  yaw: 206.98051
  pitch: -13.676529
