lastAccountName: Kiwifruit_wife
timestamps:
  login: 1520092327950
  lastteleport: 1520092421689
  logout: 1520092427902
ipAddress: 112.118.249.25
lastlocation:
  world: world
  x: 64.51249998807909
  y: 71.89854759716677
  z: 3219.3537867663135
  yaw: -88.0497
  pitch: 57.300125
logoutlocation:
  world: world
  x: 372.7127312575131
  y: 71.0
  z: -666.2201305233921
  yaw: 32.08346
  pitch: 33.604343
