lastAccountName: Trustfulgamer1
timestamps:
  login: 1519623965417
  logout: 1519624013417
ipAddress: 67.247.248.163
lastlocation:
  world: world
  x: 373.2941533903161
  y: 71.0625
  z: -667.4000066524113
  yaw: 60.10237
  pitch: 48.49544
logoutlocation:
  world: world
  x: 5365.035360664161
  y: 6.875
  z: 4332.11033307766
  yaw: 118.03277
  pitch: 21.300138
