lastAccountName: chermy
timestamps:
  login: 1519845702797
  logout: 1519845764191
ipAddress: 143.177.136.42
lastlocation:
  world: world
  x: -220.5
  y: 68.0
  z: 244.5
  yaw: 0.0
  pitch: 0.0
logoutlocation:
  world: world
  x: -3309.7666074113686
  y: 73.0
  z: 3974.641542363134
  yaw: 2.095574
  pitch: 37.500004
