lastAccountName: hgnking
timestamps:
  login: 1520047024810
  logout: 1520047095843
ipAddress: 73.235.106.184
lastlocation:
  world: world
  x: -220.5
  y: 68.0
  z: 244.5
  yaw: 0.0
  pitch: 0.0
logoutlocation:
  world: world
  x: 363.9481021937794
  y: 72.0
  z: -658.6622235541745
  yaw: -11.329573
  pitch: 0.5205825
