lastAccountName: Just_Diven
timestamps:
  login: 1519828164013
  logout: 1519828435086
ipAddress: 110.54.231.90
lastlocation:
  world: world
  x: -220.5
  y: 68.0
  z: 244.5
  yaw: 0.0
  pitch: 0.0
logoutlocation:
  world: world
  x: -3267.311110109562
  y: 65.0
  z: 3987.266057625413
  yaw: 289.9583
  pitch: 56.894962
