lastAccountName: Arniesnowboard
timestamps:
  login: 1519694250379
  logout: 1519693668303
  lastteleport: 1519694576474
ipAddress: 90.215.230.233
lastlocation:
  world: world
  x: 892.6898231993558
  y: 65.0
  z: -168.57805845329145
  yaw: -167.69984
  pitch: -18.00001
logoutlocation:
  world: world
  x: 374.751200157666
  y: 71.0
  z: -673.5578194226896
  yaw: -13.2466345
  pitch: 7.3499875
