lastAccountName: xX_Snipebat_Xx
timestamps:
  login: 1520098098371
  logout: 1520098102705
ipAddress: 172.97.233.194
logoutlocation:
  world: world
  x: -928.706692273016
  y: 5.0
  z: -1205.300000011921
  yaw: 350.19946
  pitch: 46.64998
