lastAccountName: christheGOD2017
timestamps:
  login: 1519520490558
  lastteleport: 1519519937090
  kits:
    member: 1519466796005
    dragon2: 1519440099894
    ki: 1519467728136
    dragon: 1519467536057
    enderman2: 1519440090287
  logout: 1519466556008
ipAddress: 154.5.131.188
lastlocation:
  world: world
  x: 371.88344371575283
  y: 71.0
  z: -667.4910420562923
  yaw: -90.66974
  pitch: 3.5721357
money: '654066.0'
logoutlocation:
  world: buildsextra
  x: -5.292467388964152
  y: 35.0
  z: 235.44195751611198
  yaw: -98.57181
  pitch: 9.650618
