lastAccountName: iNotThink
timestamps:
  login: 1519790799141
  logout: 1519790822249
  lastteleport: 1519639831970
ipAddress: 120.150.202.91
lastlocation:
  world: world
  x: -4608.760562897719
  y: 255.0
  z: 4283.705982810441
  yaw: 251.81361
  pitch: 19.350006
logoutlocation:
  world: world
  x: 1295.7004770014169
  y: 68.10408037809304
  z: 4225.502962510035
  yaw: 338.54697
  pitch: 13.050035
