lastAccountName: itscharlezzz
timestamps:
  login: 1519691997667
  lastteleport: 1519692080555
  logout: 1519692147877
ipAddress: 75.32.4.84
lastlocation:
  world: world
  x: 352.313358694123
  y: 72.0
  z: -667.448144085282
  yaw: -86.494774
  pitch: 1.2796874
money: '4000.0'
logoutlocation:
  world: world
  x: 1284.300000011921
  y: 66.0
  z: 4150.512499988079
  yaw: 359.6413
  pitch: 59.64673
