lastAccountName: v5L
timestamps:
  login: 1519770672726
  kits:
    member: 1519770685874
    food: 1519770688482
  logout: 1519771023154
ipAddress: 213.127.50.250
lastlocation:
  world: world
  x: -220.5
  y: 68.0
  z: 244.5
  yaw: 0.0
  pitch: 0.0
money: '3000'
logoutlocation:
  world: world
  x: -2742.6863478893515
  y: 65.0
  z: 167.43421132538066
  yaw: 233.67303
  pitch: 16.574734
