lastAccountName: BrahimBilder
timestamps:
  login: 1519944452675
  logout: 1519944608077
ipAddress: 83.134.91.206
lastlocation:
  world: world
  x: -220.5
  y: 68.0
  z: 244.5
  yaw: 0.0
  pitch: 0.0
logoutlocation:
  world: world
  x: 381.13888893101716
  y: 71.0
  z: -672.3996919132903
  yaw: -235.31769
  pitch: 33.09567
