lastAccountName: Mldnlqht
timestamps:
  login: 1519891469285
  logout: 1519891563633
ipAddress: 27.99.92.152
lastlocation:
  world: world
  x: -220.5
  y: 68.0
  z: 244.5
  yaw: 0.0
  pitch: 0.0
logoutlocation:
  world: world
  x: 376.48044693938664
  y: 71.0
  z: -662.0405634714848
  yaw: -311.1157
  pitch: 0.7021261
