lastAccountName: JupitarBros
timestamps:
  login: 1520081849752
  lastteleport: 1520081954170
  logout: 1520082436706
ipAddress: 108.251.113.189
lastlocation:
  world: world
  x: 343.15950857524024
  y: 72.0
  z: -665.5769459609918
  yaw: 77.83344
  pitch: -7.7956524
money: '1000.0'
logoutlocation:
  world: world
  x: -4199.300000011921
  y: 79.0
  z: -1951.6389306263366
  yaw: 0.0
  pitch: 0.0
