lastAccountName: MOANERS
timestamps:
  login: 1520039925501
  logout: 1520039966462
ipAddress: 81.132.202.123
lastlocation:
  world: world
  x: -220.5
  y: 68.0
  z: 244.5
  yaw: 0.0
  pitch: 0.0
logoutlocation:
  world: world
  x: 363.1680926917752
  y: 71.0
  z: -667.5969560444355
  yaw: 92.68344
  pitch: -1.0456529
