lastAccountName: totaledcoder
timestamps:
  login: 1519944248033
  kits:
    member: 1519944300119
  logout: 1519944308939
ipAddress: 38.98.224.98
lastlocation:
  world: world
  x: -220.5
  y: 68.0
  z: 244.5
  yaw: 0.0
  pitch: 0.0
logoutlocation:
  world: world
  x: 339.98290749025904
  y: 72.0
  z: -665.4966038693448
  yaw: 94.18641
  pitch: 5.09342
