lastAccountName: TechnoDerpz
timestamps:
  login: 1519702260558
  logout: 1519702369020
ipAddress: 99.45.250.26
lastlocation:
  world: world
  x: -220.5
  y: 68.0
  z: 244.5
  yaw: 0.0
  pitch: 0.0
logoutlocation:
  world: world
  x: 1672.3873098500387
  y: 69.0
  z: 3178.909696409636
  yaw: -108.55896
  pitch: -68.76295
