lastlocation:
  world: world
  x: -220.5
  y: 68.0
  z: 244.5
  yaw: 0.0
  pitch: 0.0
lastAccountName: X8RTED
timestamps:
  login: 1519892393896
  logout: 1519892449869
ipAddress: 60.242.70.124
logoutlocation:
  world: world
  x: 373.5
  y: 71.0
  z: -667.5
  yaw: 91.18344
  pitch: -1.0456529
