lastAccountName: MiniPinguino
timestamps:
  login: 1519856847604
  logout: 1519857016761
ipAddress: 109.233.83.37
lastlocation:
  world: world
  x: -220.5
  y: 68.0
  z: 244.5
  yaw: 0.0
  pitch: 0.0
logoutlocation:
  world: world
  x: -206.3857093068767
  y: 66.0
  z: 300.30000001192093
  yaw: -99.65741
  pitch: 90.0
