lastAccountName: MemeLord00
timestamps:
  login: 1519969756900
  logout: 1519969915941
ipAddress: 109.145.48.224
lastlocation:
  world: world
  x: -220.5
  y: 68.0
  z: 244.5
  yaw: 0.0
  pitch: 0.0
money: '184.0'
logoutlocation:
  world: world
  x: -812.6999999880791
  y: 64.0
  z: 285.69999998807907
  yaw: -164.39946
  pitch: 53.999794
