lastAccountName: LuFranGarciaR
timestamps:
  login: 1519999771455
  logout: 1519999908633
ipAddress: 41.225.248.216
lastlocation:
  world: world
  x: -220.5
  y: 68.0
  z: 244.5
  yaw: 0.0
  pitch: 0.0
money: '7000'
logoutlocation:
  world: world
  x: 377.5776091108005
  y: 71.0
  z: -677.0990753222939
  yaw: -93.16663
  pitch: -2.0956488
