lastAccountName: Xiao_
timestamps:
  login: 1519933061820
  logout: 1519933084345
ipAddress: 66.169.118.148
lastlocation:
  world: world
  x: -220.5
  y: 68.0
  z: 244.5
  yaw: 0.0
  pitch: 0.0
logoutlocation:
  world: world
  x: 367.3827074535835
  y: 71.0
  z: -662.190817244699
  yaw: 91.18344
  pitch: -1.0456529
