lastAccountName: Clwolf_Studios
timestamps:
  login: 1519620366360
  logout: 1519620597731
ipAddress: 68.68.175.15
lastlocation:
  world: world
  x: -220.5
  y: 68.0
  z: 244.5
  yaw: 0.0
  pitch: 0.0
logoutlocation:
  world: world
  x: 930.8322287955838
  y: 59.71572515299054
  z: -526.7138574873561
  yaw: 6.7023926
  pitch: -7.154598
