lastAccountName: Sub2Bran
timestamps:
  login: 1520040322845
  logout: 1520040413503
ipAddress: 174.100.172.21
lastlocation:
  world: world
  x: -220.5
  y: 68.0
  z: 244.5
  yaw: 0.0
  pitch: 0.0
logoutlocation:
  world: world
  x: 367.8061615242045
  y: 71.5
  z: -677.1334041142931
  yaw: -67.9759
  pitch: 14.146889
