lastAccountName: me900me
timestamps:
  login: 1519952887353
  kits:
    member: 1519952920590
  logout: 1519952966272
ipAddress: 146.0.189.18
lastlocation:
  world: world
  x: -220.5
  y: 68.0
  z: 244.5
  yaw: 0.0
  pitch: 0.0
logoutlocation:
  world: world
  x: 372.6058518203663
  y: 71.0
  z: -668.0374397772084
  yaw: 298.33337
  pitch: 22.199999
