lastAccountName: Dependently
timestamps:
  login: 1519621009118
  logout: 1519621249748
ipAddress: 103.217.166.43
lastlocation:
  world: world
  x: -220.5
  y: 68.0
  z: 244.5
  yaw: 0.0
  pitch: 0.0
logoutlocation:
  world: world
  x: -11.649121823681762
  y: 63.0
  z: -685.3088874253466
  yaw: 207.52339
  pitch: 71.35652
