lastAccountName: B4M
timestamps:
  login: 1519592527132
  logout: 1519592555261
ipAddress: 24.214.117.18
lastlocation:
  world: world
  x: -220.5
  y: 68.0
  z: 244.5
  yaw: 0.0
  pitch: 0.0
logoutlocation:
  world: world
  x: 375.70298830224704
  y: 72.0
  z: -610.2606138241636
  yaw: 223.53725
  pitch: 23.79598
