lastAccountName: GucciGanged
timestamps:
  login: 1519959762080
  lastteleport: 1519958618203
  logout: 1519959888821
  kits:
    zombie2: 1519622507627
    dragon2: 1519622424041
    creeper2: 1519622392592
    member: 1519592498794
    zombie: 1519622565724
    food: 1519695313117
    dragon: 1519958636124
    enderman: 1519621791980
    skelly2: 1519622540837
    enderman2: 1519621633942
ipAddress: 67.247.248.163
lastlocation:
  world: world
  x: 832.1501325197693
  y: 71.0
  z: 2891.148452233569
  yaw: -296.4141
  pitch: 22.349983
logoutlocation:
  world: world
  x: 825.364825601674
  y: 54.0
  z: 2895.523357544836
  yaw: 279.1662
  pitch: 36.449852
money: '9.0'
