lastAccountName: AyyChris
timestamps:
  login: 1519885548210
  logout: 1519885560458
ipAddress: 66.66.172.48
lastlocation:
  world: world
  x: -220.5
  y: 68.0
  z: 244.5
  yaw: 0.0
  pitch: 0.0
logoutlocation:
  world: world
  x: 368.85466257128525
  y: 71.0
  z: -664.0011296641806
  yaw: -110.72614
  pitch: 5.4896245
