lastAccountName: PhDFreak
timestamps:
  login: 1519946111306
  logout: 1519946124741
ipAddress: 68.9.192.47
lastlocation:
  world: world
  x: -220.5
  y: 68.0
  z: 244.5
  yaw: 0.0
  pitch: 0.0
logoutlocation:
  world: world
  x: 363.7687831171055
  y: 71.67647087614428
  z: -669.2583320597764
  yaw: -98.56662
  pitch: 14.404349
