lastAccountName: LordLopii
timestamps:
  login: 1519593807887
  logout: 1519593815994
  kits:
    member: 1519593773051
ipAddress: 24.125.95.144
lastlocation:
  world: world
  x: 206.70832433603067
  y: 63.0
  z: -686.7034872667359
  yaw: 123.16669
  pitch: 2.116251
logoutlocation:
  world: world
  x: 373.2941533903161
  y: 71.0625
  z: -667.4000066524113
  yaw: -270.19763
  pitch: -2.3545702
