lastAccountName: falck0404
timestamps:
  login: 1519945375714
  logout: 1519946955391
ipAddress: 85.227.187.151
lastlocation:
  world: world
  x: -220.5
  y: 68.0
  z: 244.5
  yaw: 0.0
  pitch: 0.0
logoutlocation:
  world: world
  x: 266.21897809043844
  y: 87.0
  z: -1530.406971808432
  yaw: 35.832687
  pitch: 9.450032
