lastAccountName: MichaelVAngelo
timestamps:
  login: 1520047684830
  lastteleport: 1520047743019
  logout: 1520047749847
ipAddress: 66.182.240.113
lastlocation:
  world: world
  x: 366.2123077129405
  y: 71.0
  z: -664.3374191838359
  yaw: 152.26654
  pitch: 4.572448
money: '2000.0'
logoutlocation:
  world: buildsextra
  x: 308.24819758948405
  y: 12.5
  z: 142.9499711652383
  yaw: -90.78733
  pitch: 31.029894
