lastAccountName: MichaelVAngelo
timestamps:
  login: 1519973533298
  lastteleport: 1519800552894
  logout: 1519973688196
ipAddress: 66.182.240.113
lastlocation:
  world: world
  x: -3295.086686671239
  y: 64.0
  z: 3982.0858684055866
  yaw: 123.22529
  pitch: 8.215257
money: '2000'
logoutlocation:
  world: world
  x: 383.7639247296324
  y: 72.0
  z: -656.6937657658572
  yaw: -29.779148
  pitch: 14.9451475
