lastAccountName: urbizupi
timestamps:
  login: 1519692187512
  logout: 1519692208316
ipAddress: 89.142.191.165
lastlocation:
  world: world
  x: -220.5
  y: 68.0
  z: 244.5
  yaw: 0.0
  pitch: 0.0
logoutlocation:
  world: world
  x: -244.54718445174103
  y: 79.0
  z: 252.66334415559777
  yaw: -30.30008
  pitch: 6.3
