lastAccountName: ImPatrickStar
timestamps:
  login: 1519687309023
  logout: 1519687361789
ipAddress: 86.139.100.96
lastlocation:
  world: world
  x: -220.5
  y: 68.0
  z: 244.5
  yaw: 0.0
  pitch: 0.0
logoutlocation:
  world: world
  x: 367.69768640454714
  y: 71.0625
  z: -668.0535175024684
  yaw: 110.80236
  pitch: 0.64543
