lastAccountName: RightTwixxxx
timestamps:
  login: 1519745179658
  lastteleport: 1519745544800
  logout: 1519746220723
ipAddress: 81.101.38.169
lastlocation:
  world: world
  x: -1147.512499988079
  y: 63.92159999847412
  z: 2356.6592331139273
  yaw: 85.9503
  pitch: 67.350006
money: '42000'
logoutlocation:
  world: world
  x: 365.11633429557435
  y: 71.0
  z: -664.1706819370919
  yaw: 321.6009
  pitch: 4.0823784
