lastAccountName: drewsdaddy
timestamps:
  login: 1520043009898
  logout: 1520043064823
ipAddress: 73.150.187.35
lastlocation:
  world: world
  x: -220.5
  y: 68.0
  z: 244.5
  yaw: 0.0
  pitch: 0.0
logoutlocation:
  world: world
  x: 366.0545992631958
  y: 71.0
  z: -666.0505163582977
  yaw: 100.93344
  pitch: 9.904347
