lastAccountName: Deathbyblue5
timestamps:
  login: 1519597141096
  logout: 1519597151731
ipAddress: 94.12.95.210
lastlocation:
  world: world
  x: -220.5
  y: 68.0
  z: 244.5
  yaw: 0.0
  pitch: 0.0
logoutlocation:
  world: world
  x: 373.5
  y: 71.0
  z: -667.5
  yaw: 93.209465
  pitch: 2.2550414
