lastAccountName: MinecraftThePvP
timestamps:
  login: 1519777389110
  lastteleport: 1519777933209
  logout: 1519777981751
ipAddress: 77.65.110.172
lastlocation:
  world: world
  x: 2771.5
  y: 84.0
  z: 4405.5
  yaw: 359.7698
  pitch: 0.0
logoutlocation:
  world: world
  x: 366.30247330754975
  y: 71.0
  z: -666.2942603464481
  yaw: -78.02338
  pitch: -3.5055265
