lastAccountName: Trueclasher44
timestamps:
  login: 1519913575919
  kits:
    member: 1519913930044
  logout: 1519914114991
ipAddress: 87.176.153.15
lastlocation:
  world: world
  x: 270.5
  y: 80.0
  z: -172.5
  yaw: 8.72866
  pitch: -73.2
money: '2000'
logoutlocation:
  world: world
  x: 203.34290082514335
  y: 65.0
  z: 238.4466060249574
  yaw: 355.0416
  pitch: 68.1
