lastAccountName: men_
timestamps:
  login: 1519963715500
  lastteleport: 1519963788664
  logout: 1519964504566
  kits:
    member: 1519620583256
ipAddress: 76.221.93.170
lastlocation:
  world: world
  x: -4559.096384010998
  y: 66.0
  z: 4329.43393282885
  yaw: 67.61135
  pitch: -62.28623
logoutlocation:
  world: world
  x: -4609.763599301631
  y: 63.0
  z: 4261.300000011921
  yaw: 91.36937
  pitch: 4.6435494
money: '466496.0'
homes:
  home:
    world: world
    x: -4565.651042861231
    y: 255.0
    z: 4331.600940483778
    yaw: 116.7659
    pitch: 33.143105
