lastAccountName: MasonRyanShaw
timestamps:
  login: 1519705138585
  logout: 1519705214339
ipAddress: 97.125.125.123
lastlocation:
  world: world
  x: -220.5
  y: 68.0
  z: 244.5
  yaw: 0.0
  pitch: 0.0
logoutlocation:
  world: world
  x: 368.236492549485
  y: 71.0
  z: -670.5935477137969
  yaw: 70.602455
  pitch: 1.2000026
