lastAccountName: himark
timestamps:
  login: 1519702121479
  logout: 1519702868947
ipAddress: 82.1.123.252
lastlocation:
  world: world
  x: -220.5
  y: 68.0
  z: 244.5
  yaw: 0.0
  pitch: 0.0
logoutlocation:
  world: world
  x: 958.6999999880791
  y: 64.0199793517537
  z: 2599.512499988079
  yaw: 26.163671
  pitch: 59.193127
