lastAccountName: christheGOD2017
timestamps:
  login: 1519791936468
  lastteleport: 1519632236986
  logout: 1519791994014
  kits:
    zombie: 1519618786582
ipAddress: 154.5.131.188
money: '45292'
lastlocation:
  world: buildsextra
  x: -12.33907513798407
  y: 35.0
  z: 224.2221225644024
  yaw: -271.422
  pitch: -28.163446
logoutlocation:
  world: world
  x: 5351.028339759323
  y: 9.548087950678331
  z: 4323.265490837567
  yaw: -35.971222
  pitch: 14.121958
