lastAccountName: christheGOD2017
timestamps:
  login: 1520056790562
  lastteleport: 1520056702678
  logout: 1520056904198
  kits:
    zombie: 1519618786582
ipAddress: 154.5.131.188
money: '45292'
lastlocation:
  world: world
  x: 5368.445300564374
  y: 6.0
  z: 4331.02539312539
  yaw: -59.37027
  pitch: 4.438935
logoutlocation:
  world: world
  x: 5351.316793671989
  y: 6.0
  z: 4331.362629653243
  yaw: -91.53473
  pitch: 1.2668972
