lastAccountName: maxwskates
timestamps:
  login: 1519591871026
  lastteleport: 1519592224863
  logout: 1519592515010
ipAddress: 67.5.168.204
lastlocation:
  world: world
  x: 96.73566752544922
  y: 64.0
  z: -676.0897501184998
  yaw: 199.38876
  pitch: 1.522694
logoutlocation:
  world: world
  x: 299.5752971373621
  y: 66.0
  z: -695.0919224866208
  yaw: -301.5535
  pitch: 2.5848773
