lastAccountName: CookiCrafterHD
timestamps:
  login: 1519933526129
  logout: 1519933708906
ipAddress: 88.130.51.207
lastlocation:
  world: world
  x: -220.5
  y: 68.0
  z: 244.5
  yaw: 0.0
  pitch: 0.0
money: '2000'
logoutlocation:
  world: world
  x: 2429.300000011921
  y: 89.07987975602138
  z: 3657.699999988079
  yaw: 216.45131
  pitch: 63.732517
