lastAccountName: Fyresionvi
timestamps:
  login: 1520050676545
  logout: 1520050681527
ipAddress: 75.135.17.182
lastlocation:
  world: world
  x: -220.5
  y: 68.0
  z: 244.5
  yaw: 0.0
  pitch: 0.0
logoutlocation:
  world: world
  x: 317.988234431795
  y: 72.0
  z: -668.9929802192269
  yaw: 87.068886
  pitch: 11.297875
