lastAccountName: dragorz
timestamps:
  login: 1519597491498
  logout: 1519597599062
ipAddress: 72.230.232.240
lastlocation:
  world: world
  x: -220.5
  y: 68.0
  z: 244.5
  yaw: 0.0
  pitch: 0.0
logoutlocation:
  world: world
  x: 368.69999998807907
  y: 71.0
  z: -571.3000000119209
  yaw: 298.2399
  pitch: 7.273128
