lastAccountName: Experien
timestamps:
  login: 1520043877833
  logout: 1520043905821
ipAddress: 37.219.56.95
lastlocation:
  world: world
  x: -220.5
  y: 68.0
  z: 244.5
  yaw: 0.0
  pitch: 0.0
logoutlocation:
  world: world
  x: 359.5304429157407
  y: 72.0
  z: -671.7836878726208
  yaw: 199.18349
  pitch: 37.804348
