lastAccountName: SlenderPlayzYT
timestamps:
  login: 1519998725666
  logout: 1519998968567
ipAddress: 73.254.20.27
lastlocation:
  world: world
  x: -220.5
  y: 68.0
  z: 244.5
  yaw: 0.0
  pitch: 0.0
logoutlocation:
  world: world
  x: -933.4235899090052
  y: 62.0
  z: -190.70263902511854
  yaw: 165.64473
  pitch: 23.464754
money: '1000.0'
