lastAccountName: KnowItAllKing
timestamps:
  login: 1519880187904
  lastteleport: 1519880269179
  logout: 1519880299046
ipAddress: 207.237.85.219
lastlocation:
  world: world
  x: 395.97069533906256
  y: 69.0
  z: -686.123321495305
  yaw: 110.807495
  pitch: 9.794224
logoutlocation:
  world: world
  x: 392.087430650214
  y: 72.0
  z: -669.9838805572658
  yaw: -99.82263
  pitch: 9.420445
