lastAccountName: Droppinqz
timestamps:
  login: 1519931316307
  logout: 1519931354461
ipAddress: 176.248.136.72
lastlocation:
  world: world
  x: -220.5
  y: 68.0
  z: 244.5
  yaw: 0.0
  pitch: 0.0
logoutlocation:
  world: world
  x: 363.5935343722173
  y: 71.0
  z: -669.564225359133
  yaw: 106.93344
  pitch: 79.65437
