lastAccountName: Bmxillsgaming
timestamps:
  login: 1519865150309
  kits:
    member: 1519691050983
  logout: 1519865227741
ipAddress: 58.172.135.7
lastlocation:
  world: world
  x: 373.64865614066287
  y: 72.7531999805212
  z: -640.0685700795294
  yaw: 1.0025009
  pitch: -1.154579
money: '31000'
logoutlocation:
  world: world
  x: 1204.7108118237493
  y: 62.0
  z: 4203.741311472216
  yaw: 161.39688
  pitch: 26.549982
