lastAccountName: Yattaw88
timestamps:
  login: 1519870341614
  logout: 1519870881009
ipAddress: 50.90.192.32
lastlocation:
  world: world
  x: -220.5
  y: 68.0
  z: 244.5
  yaw: 0.0
  pitch: 0.0
logoutlocation:
  world: world
  x: 1534.487500011921
  y: 69.01391586470497
  z: -1393.5920616172718
  yaw: 88.95082
  pitch: 54.75002
