lastAccountName: Lx10
timestamps:
  login: 1519743565616
  lastteleport: 1519743764088
  logout: 1519743942508
ipAddress: 92.96.145.244
lastlocation:
  world: world
  x: -3586.5
  y: 64.5
  z: 2021.5
  yaw: 0.0
  pitch: 0.0
money: '2000'
logoutlocation:
  world: world
  x: 415.5310338921845
  y: 64.07604800372314
  z: -1052.300000011921
  yaw: 288.98755
  pitch: 67.308975
