lastAccountName: S1YI
timestamps:
  login: 1519962178979
  lastteleport: 1519962942108
  logout: 1519963028715
ipAddress: 68.111.78.37
lastlocation:
  world: buildsextra
  x: 320.4552748349914
  y: 8.0
  z: 190.55361743760187
  yaw: 150.70644
  pitch: 6.286191
money: '24000.0'
logoutlocation:
  world: buildsextra
  x: 320.4552748349914
  y: 8.0
  z: 190.55361743760187
  yaw: 150.70644
  pitch: 6.286191
